0
0
FWT,4,1,1,1
FWT,4,2,1,1
FWT,4,4,1,1
FWT,4,8,1,1
FWT,4,16,1,1
FWT,4,32,1,1
FWT,4,64,1,1
FWT,4,128,1,1
FWT,4,256,1,1
FWT,4,512,1,1
FWT,4,1024,1,1
FWT,8,1,1,1
FWT,8,2,1,1
FWT,8,4,1,1
FWT,8,8,1,1
FWT,8,16,1,1
FWT,8,32,1,1
FWT,8,64,1,1
FWT,8,128,1,1
FWT,8,256,1,1
FWT,8,512,1,1
FWT,8,1024,1,1
FWT,12,1,1,1
FWT,12,2,1,1
FWT,12,4,1,1
FWT,12,8,1,1
FWT,12,16,1,1
FWT,12,32,1,1
FWT,12,64,1,1
FWT,12,128,1,1
FWT,12,256,1,1
FWT,12,512,1,1
FWT,12,1024,1,1
FWT,16,1,1,1
FWT,16,2,1,1
FWT,16,4,1,1
FWT,16,8,1,1
FWT,16,16,1,1
FWT,16,32,1,1
FWT,16,64,1,1
FWT,16,128,1,1
FWT,16,256,1,1
FWT,16,512,1,1
FWT,16,1024,1,1
FWT,20,1,1,1
FWT,20,2,1,1
FWT,20,4,1,1
FWT,20,8,1,1
FWT,20,16,1,1
FWT,20,32,1,1
FWT,20,64,1,1
FWT,20,128,1,1
FWT,20,256,1,1
FWT,20,512,1,1
FWT,20,1024,1,1
FWT,24,1,1,1
FWT,24,2,1,1
FWT,24,4,1,1
FWT,24,8,1,1
FWT,24,16,1,1
FWT,24,32,1,1
FWT,24,64,1,1
FWT,24,128,1,1
FWT,24,256,1,1
FWT,24,512,1,1
FWT,24,1024,1,1
FWT,28,1,1,1
FWT,28,2,1,1
FWT,28,4,1,1
FWT,28,8,1,1
FWT,28,16,1,1
FWT,28,32,1,1
FWT,28,64,1,1
FWT,28,128,1,1
FWT,28,256,1,1
FWT,28,512,1,1
FWT,28,1024,1,1
FWT,32,1,1,1
FWT,32,2,1,1
FWT,32,4,1,1
FWT,32,8,1,1
FWT,32,16,1,1
FWT,32,32,1,1
FWT,32,64,1,1
FWT,32,128,1,1
FWT,32,256,1,1
FWT,32,512,1,1
FWT,32,1024,1,1
FWT,36,1,1,1
FWT,36,2,1,1
FWT,36,4,1,1
FWT,36,8,1,1
FWT,36,16,1,1
FWT,36,32,1,1
FWT,36,64,1,1
FWT,36,128,1,1
FWT,36,256,1,1
FWT,36,512,1,1
FWT,36,1024,1,1
FWT,40,1,1,1
FWT,40,2,1,1
FWT,40,4,1,1
FWT,40,8,1,1
FWT,40,16,1,1
FWT,40,32,1,1
FWT,40,64,1,1
FWT,40,128,1,1
FWT,40,256,1,1
FWT,40,512,1,1
FWT,40,1024,1,1
FWT,44,1,1,1
FWT,44,2,1,1
FWT,44,4,1,1
FWT,44,8,1,1
FWT,44,16,1,1
FWT,44,32,1,1
FWT,44,64,1,1
FWT,44,128,1,1
FWT,44,256,1,1
FWT,44,512,1,1
FWT,44,1024,1,1
FWT,48,1,1,1
FWT,48,2,1,1
FWT,48,4,1,1
FWT,48,8,1,1
FWT,48,16,1,1
FWT,48,32,1,1
FWT,48,64,1,1
FWT,48,128,1,1
FWT,48,256,1,1
FWT,48,512,1,1
FWT,48,1024,1,1
FWT,52,1,1,1
FWT,52,2,1,1
FWT,52,4,1,1
FWT,52,8,1,1
FWT,52,16,1,1
FWT,52,32,1,1
FWT,52,64,1,1
FWT,52,128,1,1
FWT,52,256,1,1
FWT,52,512,1,1
FWT,52,1024,1,1
FWT,56,1,1,1
FWT,56,2,1,1
FWT,56,4,1,1
FWT,56,8,1,1
FWT,56,16,1,1
FWT,56,32,1,1
FWT,56,64,1,1
FWT,56,128,1,1
FWT,56,256,1,1
FWT,56,512,1,1
FWT,56,1024,1,1
FWT,60,1,1,1
FWT,60,2,1,1
FWT,60,4,1,1
FWT,60,8,1,1
FWT,60,16,1,1
FWT,60,32,1,1
FWT,60,64,1,1
FWT,60,128,1,1
FWT,60,256,1,1
FWT,60,512,1,1
FWT,60,1024,1,1
FWT,64,1,1,1
FWT,64,2,1,1
FWT,64,4,1,1
FWT,64,8,1,1
FWT,64,16,1,1
FWT,64,32,1,1
FWT,64,64,1,1
FWT,64,128,1,1
FWT,64,256,1,1
FWT,64,512,1,1
FWT,64,1024,1,1
FWT,68,1,1,1
FWT,68,2,1,1
FWT,68,4,1,1
FWT,68,8,1,1
FWT,68,16,1,1
FWT,68,32,1,1
FWT,68,64,1,1
FWT,68,128,1,1
FWT,68,256,1,1
FWT,68,512,1,1
FWT,68,1024,1,1
FWT,72,1,1,1
FWT,72,2,1,1
FWT,72,4,1,1
FWT,72,8,1,1
FWT,72,16,1,1
FWT,72,32,1,1
FWT,72,64,1,1
FWT,72,128,1,1
FWT,72,256,1,1
FWT,72,512,1,1
FWT,72,1024,1,1
FWT,76,1,1,1
FWT,76,2,1,1
FWT,76,4,1,1
FWT,76,8,1,1
FWT,76,16,1,1
FWT,76,32,1,1
FWT,76,64,1,1
FWT,76,128,1,1
FWT,76,256,1,1
FWT,76,512,1,1
FWT,76,1024,1,1
FWT,80,1,1,1
FWT,80,2,1,1
FWT,80,4,1,1
FWT,80,8,1,1
FWT,80,16,1,1
FWT,80,32,1,1
FWT,80,64,1,1
FWT,80,128,1,1
FWT,80,256,1,1
FWT,80,512,1,1
FWT,80,1024,1,1
FWT,84,1,1,1
FWT,84,2,1,1
FWT,84,4,1,1
FWT,84,8,1,1
FWT,84,16,1,1
FWT,84,32,1,1
FWT,84,64,1,1
FWT,84,128,1,1
FWT,84,256,1,1
FWT,84,512,1,1
FWT,84,1024,1,1
FWT,88,1,1,1
FWT,88,2,1,1
FWT,88,4,1,1
FWT,88,8,1,1
FWT,88,16,1,1
FWT,88,32,1,1
FWT,88,64,1,1
FWT,88,128,1,1
FWT,88,256,1,1
FWT,88,512,1,1
FWT,88,1024,1,1
FWT,92,1,1,1
FWT,92,2,1,1
FWT,92,4,1,1
FWT,92,8,1,1
FWT,92,16,1,1
FWT,92,32,1,1
FWT,92,64,1,1
FWT,92,128,1,1
FWT,92,256,1,1
FWT,92,512,1,1
FWT,92,1024,1,1
FWT,96,1,1,1
FWT,96,2,1,1
FWT,96,4,1,1
FWT,96,8,1,1
FWT,96,16,1,1
FWT,96,32,1,1
FWT,96,64,1,1
FWT,96,128,1,1
FWT,96,256,1,1
FWT,96,512,1,1
FWT,96,1024,1,1
FWT,100,1,1,1
FWT,100,2,1,1
FWT,100,4,1,1
FWT,100,8,1,1
FWT,100,16,1,1
FWT,100,32,1,1
FWT,100,64,1,1
FWT,100,128,1,1
FWT,100,256,1,1
FWT,100,512,1,1
FWT,100,1024,1,1
FWT,104,1,1,1
FWT,104,2,1,1
FWT,104,4,1,1
FWT,104,8,1,1
FWT,104,16,1,1
FWT,104,32,1,1
FWT,104,64,1,1
FWT,104,128,1,1
FWT,104,256,1,1
FWT,104,512,1,1
FWT,104,1024,1,1
FWT,108,1,1,1
FWT,108,2,1,1
FWT,108,4,1,1
FWT,108,8,1,1
FWT,108,16,1,1
FWT,108,32,1,1
FWT,108,64,1,1
FWT,108,128,1,1
FWT,108,256,1,1
FWT,108,512,1,1
FWT,108,1024,1,1
FWT,112,1,1,1
FWT,112,2,1,1
FWT,112,4,1,1
FWT,112,8,1,1
FWT,112,16,1,1
FWT,112,32,1,1
FWT,112,64,1,1
FWT,112,128,1,1
FWT,112,256,1,1
FWT,112,512,1,1
FWT,112,1024,1,1
FWT,116,1,1,1
FWT,116,2,1,1
FWT,116,4,1,1
FWT,116,8,1,1
FWT,116,16,1,1
FWT,116,32,1,1
FWT,116,64,1,1
FWT,116,128,1,1
FWT,116,256,1,1
FWT,116,512,1,1
FWT,116,1024,1,1
FWT,120,1,1,1
FWT,120,2,1,1
FWT,120,4,1,1
FWT,120,8,1,1
FWT,120,16,1,1
FWT,120,32,1,1
FWT,120,64,1,1
FWT,120,128,1,1
FWT,120,256,1,1
FWT,120,512,1,1
FWT,120,1024,1,1
FWT,124,1,1,1
FWT,124,2,1,1
FWT,124,4,1,1
FWT,124,8,1,1
FWT,124,16,1,1
FWT,124,32,1,1
FWT,124,64,1,1
FWT,124,128,1,1
FWT,124,256,1,1
FWT,124,512,1,1
FWT,124,1024,1,1
FWT,128,1,1,1
FWT,128,2,1,1
FWT,128,4,1,1
FWT,128,8,1,1
FWT,128,16,1,1
FWT,128,32,1,1
FWT,128,64,1,1
FWT,128,128,1,1
FWT,128,256,1,1
FWT,128,512,1,1
FWT,128,1024,1,1
RUN
